9175
9175
9248
9248
9248
9236
9236
9260
9260
9260
9266
9266
9290
9290
9290
9316
9316
9340
9340
9340
9368
9368
9392
9392
9392
9322
9322
9346
9346
9346
9107
9107
9107
9131
9131
9131
9131
9732
9732
9732
9756
9756
9756
9756
9154
9154
9178
9178
9178
9289
9289
9289
9313
9313
9313
9313
9372
9372
9372
9396
9396
9396
9396
9363
9363
9387
9387
9387
9585
9585
9609
9609
9609
9186
9186
9210
9210
9210
9176
9176
9200
9200
9200
9174
9174
9198
9198
9198
9189
9189
9189
9213
9213
9213
9213
9217
9217
9217
9241
9241
9241
9241
9241
9241
9241
9265
9265
9265
9265
15141
15141
20157
20157
20157
17075
17075
17514
17514
17514
17032
17032
17471
17471
17471
17039
17039
17478
17478
17478
17009
17009
17448
17448
17448
17013
17013
17452
17452
17452
9947
9947
9947
10095
10095
10095
9911
9911
9911
10152
10152
10152
9947
9947
9947
10095
10095
10095
9911
9911
9911
10152
10152
10152
9947
9947
9947
10095
10095
10095
9911
9911
9911
10152
10152
10152
8239
24740
24740
8180
9991
9991
9991
10139
10139
10139
9955
9955
9955
10196
10196
10196
8180
8180
27549
27549
27549
10069
10069
10069
10121
10121
10121
9947
9947
9947
8278
24781
24781
9176
9176
9249
9249
9249
9237
9237
9261
9261
9261
9267
9267
9291
9291
9291
9317
9317
9341
9341
9341
9369
9369
9393
9393
9393
9323
9323
9347
9347
9347
9108
9108
9108
9132
9132
9132
9132
9733
9733
9733
9757
9757
9757
9757
9155
9155
9179
9179
9179
9290
9290
9290
9314
9314
9314
9314
9373
9373
9373
9397
9397
9397
9397
9364
9364
9388
9388
9388
9586
9586
9610
9610
9610
9187
9187
9211
9211
9211
9177
9177
9201
9201
9201
9175
9175
9199
9199
9199
9190
9190
9190
9214
9214
9214
9214
9218
9218
9218
9242
9242
9242
9242
9242
9242
9242
9266
9266
9266
9266
15142
15142
20158
20158
20158
17076
17076
17515
17515
17515
17032
17032
17471
17471
17471
17039
17039
17478
17478
17478
17009
17009
17448
17448
17448
17013
17013
17452
17452
17452
9948
9948
9948
10096
10096
10096
9912
9912
9912
10153
10153
10153
9948
9948
9948
10096
10096
10096
9912
9912
9912
10153
10153
10153
9948
9948
9948
10096
10096
10096
9912
9912
9912
10153
10153
10153
9948
9948
9948
10096
10096
10096
9912
9912
9912
10153
10153
10153
8240
24743
24743
8181
8181
27552
27552
27552
10070
10070
10070
10122
10122
10122
9948
9948
9948
8279
24784
24784
