9203
9202
9221
9203
9202
9221
9263
9263
9270
9263
9263
9270
9298
9292
9303
9298
9292
9303
9360
9364
9377
9360
9364
9377
9412
9413
9429
9412
9413
9429
9371
9372
9400
9371
9372
9400
9128
9128
9131
9128
9128
9131
9791
9793
9780
9791
9793
9780
9199
9198
9183
9199
9198
9183
9339
9331
9330
9339
9331
9330
9424
9427
9407
9424
9427
9407
9416
9427
9405
9416
9427
9405
9636
9636
9629
9636
9636
9629
9225
9229
9218
9225
9229
9218
9210
9227
9206
9210
9227
9206
9207
9209
9199
9207
9209
9199
9213
9224
9214
9213
9224
9214
9258
9250
9264
9258
9250
9264
9294
9273
9284
9294
9273
9284
15190
15191
15184
15190
15191
15184
17126
17125
17118
17126
17125
17118
17077
17098
17079
17077
17098
17079
17086
17105
17086
17086
17105
17086
17050
17051
17051
17050
17051
17051
17056
17055
17055
17056
17055
17055
9979
10144
9956
10205
9979
10144
9956
10205
9979
10144
9956
10205
24789
24834
10139
10139
10188
10139
10188
10023
10188
10000
10249
25326
25326
10139
10188
27602
10113
10165
9979
24834
24879
10139
10249
10139
10249
10188
10249
10188
10249
10139
10249
10188
10249
10188
10249
10139
10200
9204
9203
9222
9204
9203
9222
9264
9264
9271
9264
9264
9271
9299
9293
9304
9299
9293
9304
9361
9365
9378
9361
9365
9378
9413
9414
9430
9413
9414
9430
9372
9373
9401
9372
9373
9401
9129
9129
9132
9129
9129
9132
9792
9794
9781
9792
9794
9781
9200
9199
9184
9200
9199
9184
9340
9332
9331
9340
9332
9331
9425
9428
9408
9425
9428
9408
9417
9428
9406
9417
9428
9406
9637
9637
9630
9637
9637
9630
9226
9230
9219
9226
9230
9219
9211
9228
9207
9211
9228
9207
9208
9210
9200
9208
9210
9200
9214
9225
9215
9214
9225
9215
9259
9251
9265
9259
9251
9265
9295
9274
9285
9295
9274
9285
15191
15192
15185
15191
15192
15185
17127
17126
17119
17127
17126
17119
17077
17098
17079
17077
17098
17079
17086
17105
17086
17086
17105
17086
17050
17051
17051
17050
17051
17051
17056
17055
17055
17056
17055
17055
9980
10145
9957
10206
9980
10145
9957
10206
9980
10145
9957
10206
9980
10145
9957
10206
24792
24837
10140
25329
25329
10140
10189
27605
10114
10166
9980
24837
24882
10140
10250
10140
10250
10189
10250
10189
10250
10140
10250
10189
10250
10189
10250
10140
10201
